20 20 8 100
28 28 21 29 23 27 22 23 27 23 27 25 25 22 27 27 27 28 25 30
29 26 29 20 25 26 23 21 21 21 21 25 26 27 30 23 25 25 26 27
26 26 21 28 21 21 24 26 29 29 22 30 26 26 24 27 29 28 25 21
22 28 26 29 24 22 22 24 25 29 20 29 28 27 22 21 30 26 23 21
26 21 28 27 24 27 27 30 26 22 30 28 22 23 23 29 26 30 27 29
27 30 21 26 20 23 28 27 30 22 21 23 27 20 30 25 28 24 20 23
21 26 30 29 22 27 21 25 25 29 23 25 29 21 28 20 24 22 24 28
23 28 21 24 24 20 22 26 26 29 27 30 21 30 21 29 20 26 22 23
26 26 27 24 27 24 25 27 20 25 30 21 23 25 28 28 24 29 21 30
29 30 23 22 22 20 23 20 23 26 25 25 30 21 29 28 25 28 24 29
27 23 26 21 21 27 25 24 20 22 27 27 21 29 23 25 30 26 25 21
25 20 21 24 26 28 30 25 21 24 24 30 29 29 30 23 28 24 20 24
29 27 25 22 22 26 27 28 30 21 24 27 25 29 28 25 21 20 29 24
24 23 23 28 24 24 23 20 27 25 21 23 20 24 20 20 21 29 24 21
20 29 22 21 21 30 25 30 29 29 24 22 24 30 29 26 29 30 27 30
28 20 20 30 21 24 29 22 26 27 24 28 23 23 27 27 20 20 26 22
28 29 25 24 26 21 21 20 22 25 27 25 29 27 27 30 30 22 21 26
25 24 22 22 29 23 27 24 30 21 26 30 20 24 27 21 25 28 21 20
20 26 26 22 25 29 27 23 21 20 30 21 24 29 29 22 30 25 29 20
28 26 26 30 28 26 30 28 26 21 21 24 24 28 22 24 20 26 29 26
